	45150
	45450
	45750
	46050
	46350
	46650
	46950
	47250
	47550
	47850
	48150
	48450
	48750
	49050
	49350
	49650
	49950
	50250
	50550
	50850
	51150
	51450
	51750
	52050
	52350
	52650
	52950
	53250
	53550
	53850
	54150
	54450
	54750
	55050
	55350
	55650
	55950
	56250
	56550
	56850
	57150
	57450
	57750
	58050
	58350
	58650
	58950
	59250
	59550
	59850
	60150
	60450
	60750
	61050
	61350
	61650
	61950
	62250
	62550
	62850
	63150
	63450
	63750
	64050
	64350
	64650
	64950
	65250
	65550
	65850
	66150
	66450
	66750
	67050
	67350
	67650
	67950
	68250
	68550
	68850
	69150
	69450
	69750
	70050
	70350
	70650
	70950
	71250
	71550
	71850
	72150
	72450
	72750
	73050
	73350
	73650
	73950
	74250
	74550
	74850
	75150
	75450
	75750
	76050
	76350
	76650
	76950
	77250
	77550
	77850
	78150
	78450
	78750
	79050
	79350
	79650
	79950
	80250
	80550
	80850
	81150
	81450
	81750
	82050
	82350
	82650
	82950
	83250
	83550
	83850
	84150
	84450
	84750
	85050
	85350
	85650
	85950
	86250
	86550
	86850
	87150
	87450
	87750
	88050
	88350
	88650
	88950
	89250
	89550
	89850
	90150
	90450
	90750
	91050
	91350
	91650
	91950
	92250
	92550
	92850
	93150
	93450
	93750
	94050
	94350
	94650
	94950
	95250
	95550
	95850
	96150
	96450
	96750
	97050
	97350
	97650
	97950
	98250
	98550
	98850
	99150
	99450
	99750
	100050
	100350
	100650
	100950
	101250
	101550
	101850
	102150
	102450
	102750
	103050
	103350
	103650
	103950
	104250
	104550
	104850
	105150
	105450
	105750
	106050
	106350
	106650
	106950
	107250
	107550
	107850
	108150
	108450
	108750
	109050
	109350
	109650
	109950
	110250
	110550
	110850
	111150
	111450
	111750
	112050
	112350
	112650
	112950
	113250
	113550
	113850
	114150
	114450
	114750
	115050
	115350
	115650
	115950
	116250
	116550
	116850
	117150
	117450
	117750
	118050
	118350
	118650
	118950
	119250
	119550
	119850
	120150
	120450
	120750
	121050
	121350
	121650
	121950
	122250
	122550
	122850
	123150
	123450
	123750
	124050
	124350
	124650
	124950
	125250
	125550
	125850
	126150
	126450
	126750
	127050
	127350
	127650
	127950
	128250
	128550
	128850
	129150
	129450
	129750
	130050
	130350
	130650
	130950
	131250
	131550
	131850
	132150
	132450
	132750
	133050
	133350
	133650
	133950
	134250
	134550
	134850
